14
38
270
345
434
454
1222
1567
1574
1614
1719
1733
1870
2000
2110
2321
2496
2515
2562
2569
2778
2784
2806
2873
2897
3210
3297
3473
3684
3824
3828
3959
4010
4027
4386
4429
4534
4580
4582
4644
4686
4740
4914
5026
5063
5228
5265
5358
5671
5697
5708
5919
5970
6100
6228
6501
7153
7291
7472
7530
7605
7904
7959
7976
8099
8225
8321
8461
8801
8833
8956
8985
9041
9089
9474
9490
9663
10019
10173
10497
10699
10834
10848
10888
11070
11109
11340
11501
11607
12094
12315
12319
12421
12557
12606
12615
12705
12735
12964
13057
13485
13826
13856
13873
14140
14483
14620
14687
14930
14953
15007
15541
15590
15619
15657
15686
15963
15988
16008
16165
16292
16329
16430
16455
16459
16504
16542
16627
16690
16761
16788
16958
17164
17297
17346
17799
17871
17886
17910
18091
18519
18774
18973
19119
19202
19285
19440
19673
19935
19999
20023
20082
20296
20334
20388
20471
20727
20772
20803
20888
21002
21110
21189
21471
21609
21709
21801
21883
22018
22027
22059
22193
22236
22255
22442
22542
22744
22819
22831
22844
22940
23047
23499
23624
24265
24577
24889
24975
25043
25208
25241
25310
25352
26131
26267
26301
26381
26522
26616
26631
26769
26778
26911
26924
26941
27045
27107
27286
27769
27813
27840
28027
28182
28232
28295
28617
28626
28991
29040
29065
29165
29317
29371
29601
29631
29747
30493
30816
30841
30862
30874
31011
31587
31639
31672
31754
31814
31866
32043
32750
32824
32825
32915
33004
33153
33228
33282
33392
33459
33470
33483
33798
33856
34094
34097
34130
34173
34316
34328
34344
34830
34831
34864
35116
35229
35273
35313
35316
35658
35728
35828
35926
36216
36287
36438
36656
36804
36819
36855
36881
37021
37022
37345
37527
37536
37592
37659
37712
37737
38192
38544
38856
38913
39321
39622
40008
40165
40369
40410
40446
40456
40571
40602
40624
40784
40871
40883
40926
40981
41395
41424
41554
41607
41643
41645
41675
41751
41878
42020
42320
42345
42462
42645
43137
43201
43240
43358
43423
43449
43450
43567
44507
44553
44725
44849
45133
45164
45269
45272
45311
45443
45484
45630
45636
45654
45820
46167
46606
46668
46817
46831
46834
47020
47252
47452
47611
47616
47638
47660
47709
47722
47767
47898
47958
48015
48021
48067
48276
48318
48420
48437
48712
48873
48990
49302
49324
49408
49416
49545
49600
49604
50024
50153
50290
50327
50433
50801
51122
51212
51249
51263
51316
51414
51456
51571
51634
51981
52006
52017
52049
52157
52348
52414
52848
53086
53122
53145
53198
53252
53380
53609
53645
53675
53727
53841
54154
54171
54273
54535
54618
54908
55210
55233
55533
55538
55652
55776
55810
56469
56926
56957
56960
56965
57020
57267
57284
57452
57615
57824
58029
58145
58309
58382
58789
58898
59111
59171
59346
59381
59571
59758
59782
59838
59971
60012
60089
60498
60507
60576
60682
60706
60850
60871
61181
61187
61348
61594
61829
61832
61872
61905
62052
62074
62095
62113
62160
62169
62287
62554
62698
63040
63157
63457
63598
63812
63867
64151
64187
64358
64445
64666
64704
64868
64890
65027
65054
65214
65707
66108
66378
66406
66413
66622
66968
66987
67167
67340
67359
67614
67771
67802
68108
68182
68456
68586
68870
69017
69047
69518
70031
70058
70308
70315
70364
70472
70535
70542
70617
70791
70858
70905
70923
71032
71582
71652
71709
71817
71876
71951
71981
72102
72169
72333
72744
72753
72798
72817
73307
73320
73338
73541
74197
74205
74240
74282
74572
75093
75164
75274
76022
76031
76072
76192
76196
76260
76357
76454
76842
76857
76920
77162
77233
77288
77350
77705
77814
77824
78200
78467
78498
78656
78760
78785
79017
79089
79404
79787
79856
79901
79994
80623
80810
81477
81478
81488
81878
81919
81982
82339
82648
82677
82803
82809
82831
83007
83144
83175
83394
83411
83610
83753
83990
84048
84068
84355
84390
84402
84469
84564
84724
84757
84857
84923
85076
85195
85294
85483
85551
85671
85693
85795
85802
86031
86197
86443
86465
86644
86730
86805
86817
87026
87160
87362
87478
87632
87774
88146
88182
88269
88385
88450
88477
88562
88570
88578
88615
88637
88674
88692
88828
89084
89091
89204
89246
89323
89448
89477
89554
89663
89976
90039
90121
90504
90538
90579
90651
90704
90709
91082
91202
91271
91449
91751
91850
91894
91941
92215
92237
92267
92379
92486
92602
92627
92677
92774
92806
93085
93111
93127
93265
93508
93556
93564
93708
93728
93773
93831
93843
94045
94337
94626
94860
94909
95038
95205
95206
95460
95466
95478
95482
95531
95725
96056
96070
96087
96377
96449
96486
96679
96727
96791
96931
96953
97024
97131
97210
97721
97915
98001
98146
98413
98444
98513
98541
98553
98708
98776
98804
98964
99056
99445
99760
99911
100179
100325
100424
100502
100894
100990
100998
101197
101210
101221
101253
101339
101812
101828
102032
102231
102253
102289
102557
102716
102754
102990
103079
103436
103518
103530
103610
103612
103652
103659
103665
104198
104230
104484
104501
105093
105150
105176
105246
105371
105534
105733
105832
105900
105924
106025
106096
106155
106271
106371
106374
106548
106604
106643
106657
106682
106708
106768
107123
107154
107231
107430
107547
107570
107667
107747
107956
108122
108331
109450
109467
109705
109726
109949
110034
110152
110362
110539
110883
111053
111054
111205
111578
111649
111778
111884
112358
112782
112820
112916
113052
113062
113126
113184
113385
113454
113472
113569
113639
113769
113901
113930
114046
114080
114466
114796
114802
115020
115174
115251
115449
115492
115771
115844
116225
116288
116402
116597
116616
116970
117080
117376
117413
117441
117443
117619
117784
117827
118143
118144
118334
118358
118387
118525
118786
118790
119058
119085
119448
119555
119937
120005
120276
120286
120350
120771
120822
120842
120844
120874
120972
121140
121240
121267
121277
121468
121507
121556
121867
121918
121958
122003
122040
122097
122100
122206
122236
122512
122543
122575
122576
122591
122601
122613
122967
123046
123050
123087
123539
123796
124013
124105
124143
124312
124358
124407
124498
124702
124773
124921
125058
125409
125646
125750
125751
125761
125883
125973
126101
126619
126706
126766
126789
126975
126983
127036
127098
127174
127277
127338
127386
127804
128047
128144
128261
128356
128368
128393
128513
128785
128865
128898
129219
129320
129407
129478
129769
129929
130042
130058
130153
130251
130478
130698
130730
130758
130783
130799
130943
131115
131144
131174
131230
131519
131550
131567
131600
131695
132092
132116
132141
132187
132476
132507
132596
132614
132863
132890
132906
133186
133229
133296
133813
133841
133884
134125
134231
134259
134496
134626
134631
134660
134667
134758
134773
134849
135012
135167
135229
135234
135264
135324
135559
135729
135803
135807
135983
136091
136119
136164
136282
136317
136345
136486
136654
136751
136947
136976
137210
137253
137279
137374
137618
137656
137663
137791
137811
138046
138336
138546
138586
138654
138771
138881
138967
139238
139562
139776
139948
139962
140143
140176
140385
140525
140590
140722
140954
141133
141145
141271
141526
141647
141763
141798
141843
141872
142057
142082
142302
142317
142364
142416
142434
142711
142828
142943
142978
142982
143215
143320
143507
143814
144024
144462
144641
144643
144658
144714
144782
144916
145060
145182
145272
145396
145563
145654
145748
145833
146045
146070
146102
146198
146254
146317
146349
146631
147121
147707
147721
147731
147837
148109
148136
148262
148287
148291
148812
148864
149412
149425
149454
149741
149816
149962
149965
150028
150042
150112
150231
150259
150338
150392
150520
150542
150710
150719
150723
150771
150790
150918
151015
151077
151281
151520
151742
152070
152325
152399
152457
152769
152777
152877
152929
152967
153205
153320
153438
153448
153478
153609
153914
153980
154099
154119
154192
154283
154495
154615
154619
154765
154857
155232
155479
155600
155632
155700
155840
155869
156043
156160
156419
156460
156748
156883
156970
157026
157028
157063
157159
157160
157318
157781
158132
158147
158211
158320
158420
158483
158535
158558
158747
159003
159043
159415
159522
159538
159563
159856
159900
159949
160008
160135
160156
160169
160196
160320
160404
160412
160913
161108
161232
161278
161283
161299
161477
161481
161515
161519
161566
161752
161995
162031
162059
162128
162443
162634
162672
162784
162885
162966
163102
163215
163218
163221
163431
163497
163517
163543
163549
163710
163855
164335
164345
164394
164727
164729
164771
164985
165099
165132
165147
165197
165290
165435
165483
165798
165907
166148
166367
166499
166577
166670
166820
166825
166829
166834
166958
167153
167233
167248
167443
167487
167628
167690
167750
167919
168288
168496
168960
169024
169047
169086
169100
169303
169411
170034
170054
170379
170503
171024
171061
171114
171122
171151
171377
171718
171864
172015
172101
172138
172796
172854
172953
173182
173285
173358
173606
173732
173734
173747
173802
173940
174131
174185
174441
174742
174946
175103
175307
175343
175396
175449
175505
175520
175538
175811
176051
176157
176220
176400
176588
176660
176667
176670
176826
177110
177160
177170
177551
177785
177786
177825
177831
178194
178282
178396
178525
178649
178801
178816
178873
178912
178927
179124
179181
179314
179353
179683
179716
179777
179911
179962
180206
180279
180473
180474
180478
180653
180701
180751
180860
180925
181207
181292
181379
181489
181565
181594
181676
181681
181860
181955
181984
182068
182147
182293
182456
182506
182571
182707
183040
183349
183513
183532
183839
183891
183983
184010
184096
184394
184428
184607
184663
184664
184691
185034
185194
185266
185352
185498
185576
185722
185849
185954
186004
186162
186302
186443
186648
186998
187058
187096
187124
187157
187160
187248
187283
187284
187347
187388
187602
188090
188229
188303
188311
188492
188507
188521
188999
189054
189194
189607
189722
189864
190070
190087
190107
190317
190392
190493
190572
190754
190765
190866
190910
191015
191066
191149
191444
191492
191682
191762
191859
191892
191896
191948
192004
192025
192076
192570
192793
193095
193132
193205
193240
193358
193434
193446
193671
193785
193847
194032
194297
194604
194671
195126
195414
195517
195565
195610
195621
195905
195968
196082
196151
196269
196318
196999
197066
197128
197246
197352
197487
197492
197739
197949
198106
198206
198543
198690
198732
198819
198843
198914
199053
199152
199325
199391
199880
199882
199902
199924
