101812
43450
137791
48990
29747
179683
161278
160135
169411
28027
78498
19440
154283
28232
154099
40410
52017
177831
166820
133229
109726
120842
132187
107231
138046
21471
89477
187160
187058
21883
149741
191682
139776
34097
136282
188999
153478
66378
29601
22542
107123
16430
6228
1733
122591
63598
138654
136091
129407
54273
134631
51249
95460
78467
5358
134259
51634
29040
122613
64151
77814
83175
77288
93728
34344
24889
10699
155700
164335
193358
148291
270
174185
104484
92267
36881
60576
135229
65707
124312
166834
122601
36216
22027
181207
33153
49416
117619
177785
30874
113062
181984
125058
144714
181594
48873
189054
146317
76920
158483
174131
140722
138881
84857
146198
7291
124773
94626
157781
3828
43137
57452
15686
17799
120874
190866
43449
162885
180279
130153
174742
100502
59381
5671
11070
157318
88692
17346
105900
94337
164727
51456
37659
149454
36287
111205
184428
180473
199924
45820
125409
121468
35316
49408
165435
129320
88450
128368
145563
178816
52414
27045
59782
161283
165197
174441
118334
17164
155869
179124
3684
161515
161232
47611
184691
100424
106657
105371
53380
197246
197352
9663
116597
40602
49600
172796
35926
88182
120844
192076
122967
81478
178396
117443
48276
90504
195621
13856
173732
4582
130698
199902
185722
199152
27769
55810
129219
93111
59571
121507
183891
19673
40165
84923
31587
163543
30493
130251
157063
119937
57615
60850
113930
120771
60012
65214
51316
114466
178912
96449
46817
127386
132476
11109
88828
147721
156970
30816
70315
142434
140525
183532
187347
23047
94860
86443
89554
70308
52848
194604
185266
104501
152929
160412
21189
146254
159900
142364
151077
124013
8985
161108
142317
26616
150028
37737
18091
53252
82809
7472
86817
2515
60871
195610
141763
115174
158747
152967
37527
50024
15619
77705
16455
89246
150719
197492
122236
12421
140176
88615
3824
22442
110883
62113
17910
98001
62160
9041
84355
150259
179716
130783
158132
20803
38192
4644
25208
192025
66413
1870
121918
96087
180653
85076
57284
115020
93085
152070
43358
55233
103612
70031
151281
180478
17886
61187
26924
154765
161752
102231
176660
27813
159949
49545
36855
131695
4386
53122
188507
114080
63157
135167
66968
31639
120972
116288
86644
29631
64704
173285
169100
42020
62074
83144
156043
67359
193240
133884
79787
181565
19935
173747
165099
20471
153438
45133
198543
133813
110362
22059
64890
50153
128047
4740
102990
199325
20727
163221
135729
61832
33282
40784
165907
110539
85294
187388
92677
128513
122040
61594
190107
159043
137663
53198
178649
12319
16690
20082
135264
21110
136345
147121
140954
52006
177786
101197
190070
61829
62287
190910
2806
87026
131519
150918
83394
143215
11501
95205
16459
48712
47709
111778
150542
179353
5708
68586
77162
47452
131230
106548
148262
53145
190317
175811
111054
98708
144658
181292
2000
83610
33470
8225
45269
102253
98964
65054
170503
97915
19285
161566
121240
94045
187283
106374
35229
163855
191015
48067
26301
140385
170054
70058
88562
111649
178525
163218
178194
67340
182147
143320
26941
162784
28626
20296
1567
142943
85671
158147
149962
162059
152325
176588
47252
108331
184394
70542
16627
181860
106371
188521
142978
12557
106096
15963
127277
128356
130042
36804
176826
58029
164985
91894
111053
22940
150231
12615
72744
8956
190765
181379
186162
151015
115251
150112
52049
141526
184010
22819
117441
126789
132092
178801
76022
149412
61348
190493
166577
45443
40446
85195
195126
112820
90709
107956
145833
68182
58789
185498
152399
141647
150520
45636
191948
74205
10848
47767
119555
35273
185849
142082
153320
51263
83007
181681
92486
124921
39321
176157
79994
16761
32750
175103
82831
25241
128144
85795
185576
131600
188311
182456
345
12094
131144
180206
55210
193095
103652
162031
107570
171151
177825
167443
98146
64445
48021
124702
64868
127098
166670
36819
77233
11607
45164
139962
49302
177160
95725
434
120005
136976
153448
121556
104198
33798
195905
155840
118790
95531
16329
72753
107430
55776
64187
12705
76072
95038
79404
98804
56469
31866
40571
82803
28182
73307
54154
2110
159563
70905
7153
152769
171114
70535
5265
162672
56965
92379
113126
73338
190572
85693
188492
148109
35828
3959
117827
96931
146349
160156
63812
110152
71652
179962
47898
15007
20888
41643
57267
56960
137656
175505
53727
179911
154619
153980
113769
14953
99056
140143
19202
105733
195968
135234
163710
169047
164729
40624
16542
193446
132890
55538
137253
101210
6501
183839
47660
74197
161481
70364
51122
137279
2778
107747
193132
56926
124358
167690
99445
43240
124143
172015
117784
41751
52348
161477
54171
55652
85802
143814
69017
105176
193671
36438
8801
170379
37021
12735
160320
32043
59111
46606
106708
56957
66406
29371
173802
136654
139238
88578
113385
163497
2784
121867
137618
191066
116616
20388
90121
196269
2897
76192
132906
113454
70858
125883
115449
130058
194297
191149
126983
197739
191896
70923
196318
142416
29065
149965
177551
173940
107667
78656
163431
12606
9490
127036
7904
123796
154495
2873
8461
49324
44725
21002
90704
194671
29165
25310
197487
59346
51414
134773
141145
122003
46668
79089
47638
93843
191444
9474
42645
76357
193847
57824
132614
121140
16165
167487
118143
183513
41607
172101
18973
130758
39622
171024
168288
184096
74240
87160
84724
62554
25352
41424
187284
66622
14
175520
47722
134660
90579
77350
150723
136751
7959
81919
41554
14930
43567
112916
144462
161519
158211
186998
121958
155600
83990
147707
158320
8099
125761
81477
81878
172953
89663
147731
44849
4914
162443
183040
174946
195565
23499
196151
123539
37712
46167
136164
138586
150338
51571
67771
171061
24265
142711
45484
188229
61905
128898
175307
22255
100894
84757
135012
24975
86805
182571
76454
175538
27286
134496
96679
38913
109467
196082
122512
35728
29317
88269
30862
165132
69047
15988
111578
191859
109705
74572
71582
138967
2569
158420
130730
125750
53675
105150
176051
128785
53645
78200
146102
152777
75274
150790
88674
132507
106271
17871
155232
106025
156883
93556
160008
142982
111884
26631
139562
76260
42345
72333
186302
145396
195414
154857
127338
50801
95482
54908
154615
153205
146045
129769
96953
79901
13057
125751
128261
148812
2496
46831
120822
139948
38856
103518
141872
144782
61872
88146
91202
41878
84402
98513
159415
179314
127174
168960
7605
164394
68456
32824
145272
160196
70791
96486
33856
159856
196999
41675
187096
159003
55533
124407
72102
67802
10497
198843
171864
134626
4010
15590
60706
31814
136486
26381
121277
170034
3297
41645
32915
132596
64666
92237
198206
178282
75093
193434
88477
100325
167628
105924
153609
152877
96056
103659
130799
45630
106682
191762
122543
91449
122100
27107
18774
116402
96377
186648
150392
107154
146631
199880
18519
145182
180474
21609
113639
142057
160913
194032
103530
126101
177110
26522
100990
185352
181955
54535
34173
167233
176670
103079
91082
132141
21709
14483
181676
110034
101339
147837
76196
32825
163517
97721
109450
189194
137210
47616
102716
164345
66987
2562
95478
20023
129478
59971
162966
68870
81982
116970
115771
180701
138771
34830
62169
97131
14620
145654
14140
40883
118358
146070
34316
40871
133841
50327
82648
135324
38
119448
101221
153914
131550
22844
100179
162634
150710
89204
93831
92215
131567
64358
188303
12315
184607
134849
113184
156748
76842
5026
11340
86730
137811
115492
124105
121267
166148
106604
58382
133186
135983
76031
186443
33228
198914
161299
136317
28991
112782
173358
190087
128865
179777
198106
154192
23624
5063
35658
169303
79017
71951
86197
87632
22193
15541
62095
68108
80810
15657
77824
161995
69518
172138
3473
89323
40008
58898
182506
190392
123046
44507
156419
90039
180860
91751
154119
76857
177170
48015
73541
34094
80623
57020
71709
182068
51212
84564
142302
34831
193785
65027
159522
192793
122576
117413
60089
119058
78760
16008
71981
58309
10019
165798
16292
183983
198819
98413
98776
163549
73320
102032
145060
136947
16958
100998
134231
26778
47020
1719
160404
86031
143507
166499
33459
105832
37022
26911
144641
144024
120276
191492
159538
54618
185034
5697
135559
125973
141271
19999
53086
88385
184664
87774
155479
31754
74282
160169
150771
198690
37536
92627
134125
82339
53609
176667
145748
87362
4534
182707
20334
122575
141843
117376
173734
136119
47958
166367
162128
60498
181489
89448
26267
114796
126706
83753
5970
108122
92774
7530
12964
141798
33004
158558
105246
28617
37592
152457
75164
118786
62052
28295
199053
157159
84048
43423
106155
175449
167153
7976
167248
173182
52157
169024
135807
43201
454
88637
96070
133296
178873
83411
1222
168496
70617
123050
4686
26769
197949
105093
98553
14687
62698
84390
63040
187157
85483
5228
33392
61181
105534
158535
21801
19119
113472
187602
37345
79856
188090
85551
95206
60507
87478
167919
48318
67614
36656
25043
157160
169086
163215
58145
171377
96791
151520
199391
30841
93773
8321
8833
138336
71032
137374
150042
38544
103665
148864
164771
42320
16504
1614
93564
193205
84469
67167
45654
84068
96727
120350
106768
113569
178927
26131
131115
34328
91271
128393
102557
199882
165483
107547
92602
182293
34130
144916
72817
191892
117080
91850
51981
5919
40456
130478
180751
93265
63457
198732
189722
22744
42462
138546
144643
175343
104230
176400
184663
197066
31672
109949
93708
129929
60682
116225
171718
101828
165147
132116
156460
90538
93508
88570
13485
112358
131174
4027
114802
27840
94909
103610
13873
135803
151742
102754
48437
53841
46834
195517
189607
9089
156160
10173
148136
10834
71876
89976
48420
16788
82677
59758
180925
166829
157028
124498
4429
50290
59171
149425
59838
115844
103436
149816
90651
22236
45311
31011
173606
197128
10888
13826
45272
185954
118525
97210
190754
113901
179181
98541
126766
130943
166958
20772
192004
125646
97024
50433
63867
6100
22831
33483
123087
186004
91941
119085
17297
142828
106643
99911
78785
99760
89084
35313
40926
113052
189864
171122
40981
122206
176220
163102
157026
114046
102289
175396
134667
187124
118144
24577
126619
41395
89091
155632
72169
187248
132863
167750
49604
86465
35116
4580
127804
44553
120286
141133
134758
1574
183349
34864
81488
166825
118387
71817
98444
3210
92806
72798
95466
2321
148287
70472
66108
40369
140590
172854
101253
122097
192570
185194
93127
165290
126975
22018
